   5.00000007E-02
   5.56818172E-02
   6.13636374E-02
   6.70454577E-02
   7.27272779E-02
   7.84090906E-02
   8.40909109E-02
   8.97727311E-02
   9.54545438E-02
  0.101136371    
  0.106818184    
  0.112499997    
  0.118181825    
  0.123863637    
  0.129545450    
  0.135227278    
  0.140909091    
  0.146590918    
  0.152272731    
  0.157954544    
  0.163636371    
  0.169318184    
  0.174999997    
  0.180681825    
  0.186363637    
  0.192045450    
  0.197727278    
  0.203409091    
  0.209090903    
  0.214772731    
  0.220454544    
  0.226136371    
  0.231818184    
  0.237499997    
  0.243181825    
  0.248863637    
  0.254545480    
  0.260227293    
  0.265909106    
  0.271590918    
  0.277272731    
  0.282954544    
  0.288636386    
  0.294318199    
  0.300000012    
