          45          24
   8.33000019E-02
   5.00000007E-02
   5.56818172E-02
   6.13636374E-02
   6.70454577E-02
   7.27272779E-02
   7.84090906E-02
   8.40909109E-02
   8.97727311E-02
   9.54545438E-02
  0.101136371    
  0.106818184    
  0.112499997    
  0.118181825    
  0.123863637    
  0.129545450    
  0.135227278    
  0.140909091    
  0.146590918    
  0.152272731    
  0.157954544    
  0.163636371    
  0.169318184    
  0.174999997    
  0.180681825    
  0.186363637    
  0.192045450    
  0.197727278    
  0.203409091    
  0.209090903    
  0.214772731    
  0.220454544    
  0.226136371    
  0.231818184    
  0.237499997    
  0.243181825    
  0.248863637    
  0.254545480    
  0.260227293    
  0.265909106    
  0.271590918    
  0.277272731    
  0.282954544    
  0.288636386    
  0.294318199    
  0.300000012    
  -60.0000000    
  -54.7826080    
  -49.5652199    
  -44.3478279    
  -39.1304321    
  -33.9130440    
  -28.6956520    
  -23.4782581    
  -18.2608700    
  -13.0434790    
  -7.82608509    
  -2.60869503    
   2.60869503    
   7.82608509    
   13.0434828    
   18.2608719    
   23.4782619    
   28.6956520    
   33.9130440    
   39.1304398    
   44.3478279    
   49.5652199    
   54.7826080    
   60.0000000    
      0.00000050      0.00000230      0.00000544      0.00000912      0.00001403      0.00002499      0.00003453      0.00002812      0.00002023      0.00001688      0.00001579      0.00001517      0.00001457      0.00001394      0.00001331      0.00001269      0.00001209      0.00001153      0.00001099      0.00001048      0.00001000      0.00000955      0.00000913      0.00000873      0.00000835      0.00000797      0.00000761      0.00000726      0.00000693      0.00000662      0.00000632      0.00000603      0.00000576      0.00000550      0.00000526      0.00000503      0.00000481      0.00000460      0.00000440      0.00000421      0.00000403      0.00000386      0.00000370      0.00000355      0.00000340
      0.00000152      0.00000698      0.00001655      0.00002772      0.00004264      0.00007595      0.00010497      0.00008547      0.00006149      0.00005133      0.00004800      0.00004612      0.00004428      0.00004237      0.00004046      0.00003858      0.00003677      0.00003504      0.00003340      0.00003186      0.00003041      0.00002904      0.00002777      0.00002655      0.00002537      0.00002423      0.00002313      0.00002208      0.00002107      0.00002011      0.00001920      0.00001833      0.00001751      0.00001673      0.00001598      0.00001528      0.00001461      0.00001398      0.00001337      0.00001280      0.00001226      0.00001174      0.00001125      0.00001078      0.00001034
      0.00000614      0.00002816      0.00006674      0.00011182      0.00017200      0.00030634      0.00042339      0.00034474      0.00024801      0.00020703      0.00019359      0.00018601      0.00017859      0.00017090      0.00016317      0.00015560      0.00014829      0.00014132      0.00013472      0.00012850      0.00012264      0.00011714      0.00011199      0.00010710      0.00010233      0.00009772      0.00009329      0.00008904      0.00008499      0.00008112      0.00007744      0.00007394      0.00007062      0.00006746      0.00006447      0.00006163      0.00005893      0.00005637      0.00005394      0.00005164      0.00004944      0.00004736      0.00004537      0.00004349      0.00004169
      0.00002094      0.00009605      0.00022766      0.00038143      0.00058671      0.00104499      0.00144424      0.00117597      0.00084600      0.00070620      0.00066036      0.00063452      0.00060921      0.00058297      0.00055660      0.00053077      0.00050585      0.00048208      0.00045956      0.00043832      0.00041835      0.00039960      0.00038202      0.00036533      0.00034908      0.00033336      0.00031823      0.00030374      0.00028990      0.00027671      0.00026416      0.00025222      0.00024089      0.00023013      0.00021992      0.00021023      0.00020103      0.00019230      0.00018401      0.00017614      0.00016865      0.00016154      0.00015478      0.00014834      0.00014221
      0.00006222      0.00028532      0.00067631      0.00113310      0.00174293      0.00310434      0.00429039      0.00349345      0.00251319      0.00209790      0.00196173      0.00188495      0.00180978      0.00173182      0.00165350      0.00157674      0.00150273      0.00143211      0.00136521      0.00130211      0.00124278      0.00118709      0.00113488      0.00108528      0.00103700      0.00099030      0.00094537      0.00090232      0.00086121      0.00082202      0.00078473      0.00074928      0.00071561      0.00068365      0.00065331      0.00062452      0.00059720      0.00057126      0.00054664      0.00052324      0.00050102      0.00047989      0.00045980      0.00044068      0.00042247
      0.00016133      0.00073982      0.00175361      0.00293803      0.00451925      0.00804925      0.01112457      0.00905817      0.00651647      0.00543966      0.00508657      0.00488749      0.00469259      0.00449044      0.00428736      0.00408834      0.00389644      0.00371334      0.00353985      0.00337624      0.00322240      0.00307801      0.00294263      0.00281404      0.00268885      0.00256775      0.00245125      0.00233964      0.00223303      0.00213141      0.00203472      0.00194281      0.00185551      0.00177264      0.00169398      0.00161933      0.00154848      0.00148123      0.00141737      0.00135672      0.00129909      0.00124431      0.00119221      0.00114263      0.00109543
      0.00036508      0.00167411      0.00396820      0.00664838      0.01022648      0.01821442      0.02517349      0.02049748      0.01474594      0.01230926      0.01151026      0.01105977      0.01061874      0.01016129      0.00970174      0.00925140      0.00881714      0.00840281      0.00801024      0.00764001      0.00729188      0.00696515      0.00665879      0.00636781      0.00608452      0.00581048      0.00554686      0.00529430      0.00505305      0.00482312      0.00460431      0.00439633      0.00419879      0.00401125      0.00383326      0.00366434      0.00350402      0.00335184      0.00320734      0.00307009      0.00293968      0.00281572      0.00269782      0.00258563      0.00247883
      0.00072100      0.00330624      0.00783688      0.01313003      0.02019649      0.03597205      0.04971566      0.04048092      0.02912207      0.02430982      0.02273186      0.02184218      0.02097117      0.02006774      0.01916017      0.01827079      0.01741317      0.01659488      0.01581958      0.01508841      0.01440090      0.01375561      0.01315058      0.01257592      0.01201644      0.01147524      0.01095462      0.01045583      0.00997938      0.00952528      0.00909316      0.00868241      0.00829228      0.00792191      0.00757038      0.00723678      0.00692016      0.00661961      0.00633424      0.00606319      0.00580564      0.00556082      0.00532798      0.00510642      0.00489549
      0.00124272      0.00569869      0.01350776      0.02263111      0.03481096      0.06200195      0.08569064      0.06977350      0.05019522      0.04190076      0.03918096      0.03764749      0.03614622      0.03458905      0.03302475      0.03149179      0.03001359      0.02860318      0.02726687      0.02600660      0.02482159      0.02370938      0.02266654      0.02167604      0.02071171      0.01977889      0.01888154      0.01802182      0.01720061      0.01641791      0.01567310      0.01496512      0.01429269      0.01365431      0.01304842      0.01247342      0.01192769      0.01140966      0.01091779      0.01045060      0.01000669      0.00958471      0.00918338      0.00880150      0.00843794
      0.00186940      0.00857245      0.02031951      0.03404362      0.05236559      0.09326857      0.12890309      0.10495917      0.07550788      0.06303065      0.05893931      0.05663254      0.05437419      0.05203177      0.04967862      0.04737262      0.04514897      0.04302731      0.04101712      0.03912133      0.03733873      0.03566565      0.03409692      0.03260693      0.03115630      0.02975308      0.02840321      0.02710994      0.02587461      0.02469721      0.02357679      0.02251180      0.02150027      0.02053997      0.01962854      0.01876357      0.01794264      0.01716337      0.01642346      0.01572068      0.01505291      0.01441812      0.01381441      0.01323996      0.01269306
      0.00245427      0.01125448      0.02667677      0.04469470      0.06874896      0.12244906      0.16923238      0.13779725      0.09913167      0.08275075      0.07737938      0.07435089      0.07138598      0.06831071      0.06522133      0.06219386      0.05927451      0.05648906      0.05384995      0.05136103      0.04902073      0.04682419      0.04476466      0.04280851      0.04090402      0.03906178      0.03728958      0.03559170      0.03396988      0.03242410      0.03095315      0.02955496      0.02822696      0.02696622      0.02576963      0.02463404      0.02355626      0.02253319      0.02156179      0.02063913      0.01976244      0.01892905      0.01813646      0.01738228      0.01666427
      0.00281211      0.01289541      0.03056633      0.05121132      0.07877278      0.14030251      0.19390699      0.15788852      0.11358538      0.09481607      0.08866153      0.08519148      0.08179428      0.07827062      0.07473081      0.07126192      0.06791692      0.06472535      0.06170144      0.05884963      0.05616811      0.05365130      0.05129148      0.04905012      0.04686796      0.04475711      0.04272652      0.04078108      0.03892279      0.03715164      0.03546622      0.03386417      0.03234253      0.03089797      0.02952692      0.02822576      0.02699084      0.02581860      0.02470556      0.02364838      0.02264387      0.02168897      0.02078081      0.01991667      0.01909398
      0.00281211      0.01289541      0.03056633      0.05121132      0.07877278      0.14030251      0.19390699      0.15788852      0.11358538      0.09481607      0.08866153      0.08519148      0.08179428      0.07827062      0.07473081      0.07126192      0.06791692      0.06472535      0.06170144      0.05884963      0.05616811      0.05365130      0.05129148      0.04905012      0.04686796      0.04475711      0.04272652      0.04078108      0.03892279      0.03715164      0.03546622      0.03386417      0.03234253      0.03089797      0.02952692      0.02822576      0.02699084      0.02581860      0.02470556      0.02364838      0.02264387      0.02168897      0.02078081      0.01991667      0.01909398
      0.00245427      0.01125448      0.02667677      0.04469470      0.06874896      0.12244906      0.16923238      0.13779725      0.09913167      0.08275075      0.07737938      0.07435089      0.07138598      0.06831071      0.06522133      0.06219386      0.05927451      0.05648906      0.05384995      0.05136103      0.04902073      0.04682419      0.04476466      0.04280851      0.04090402      0.03906178      0.03728958      0.03559170      0.03396988      0.03242410      0.03095315      0.02955496      0.02822696      0.02696622      0.02576963      0.02463404      0.02355626      0.02253319      0.02156179      0.02063913      0.01976244      0.01892905      0.01813646      0.01738228      0.01666427
      0.00186940      0.00857245      0.02031950      0.03404362      0.05236557      0.09326854      0.12890306      0.10495915      0.07550786      0.06303064      0.05893930      0.05663252      0.05437418      0.05203176      0.04967861      0.04737261      0.04514896      0.04302730      0.04101711      0.03912131      0.03733873      0.03566564      0.03409691      0.03260693      0.03115629      0.02975307      0.02840320      0.02710994      0.02587461      0.02469720      0.02357678      0.02251180      0.02150027      0.02053997      0.01962854      0.01876357      0.01794263      0.01716337      0.01642345      0.01572067      0.01505291      0.01441812      0.01381441      0.01323995      0.01269305
      0.00124272      0.00569869      0.01350775      0.02263110      0.03481095      0.06200193      0.08569061      0.06977347      0.05019520      0.04190074      0.03918095      0.03764748      0.03614620      0.03458904      0.03302474      0.03149179      0.03001358      0.02860317      0.02726685      0.02600659      0.02482159      0.02370937      0.02266653      0.02167604      0.02071170      0.01977888      0.01888153      0.01802181      0.01720061      0.01641791      0.01567309      0.01496512      0.01429269      0.01365431      0.01304842      0.01247342      0.01192768      0.01140965      0.01091778      0.01045060      0.01000669      0.00958470      0.00918337      0.00880150      0.00843793
      0.00072100      0.00330624      0.00783688      0.01313003      0.02019649      0.03597205      0.04971565      0.04048091      0.02912206      0.02430981      0.02273186      0.02184217      0.02097117      0.02006774      0.01916017      0.01827078      0.01741316      0.01659488      0.01581958      0.01508841      0.01440089      0.01375561      0.01315058      0.01257592      0.01201644      0.01147524      0.01095462      0.01045583      0.00997938      0.00952528      0.00909315      0.00868241      0.00829228      0.00792191      0.00757038      0.00723678      0.00692016      0.00661961      0.00633424      0.00606319      0.00580564      0.00556082      0.00532797      0.00510642      0.00489549
      0.00036508      0.00167411      0.00396820      0.00664838      0.01022648      0.01821442      0.02517349      0.02049748      0.01474594      0.01230926      0.01151026      0.01105977      0.01061874      0.01016129      0.00970174      0.00925140      0.00881714      0.00840281      0.00801024      0.00764001      0.00729188      0.00696515      0.00665879      0.00636781      0.00608452      0.00581048      0.00554686      0.00529430      0.00505305      0.00482312      0.00460431      0.00439633      0.00419879      0.00401125      0.00383326      0.00366434      0.00350402      0.00335184      0.00320734      0.00307009      0.00293968      0.00281572      0.00269782      0.00258563      0.00247883
      0.00016133      0.00073982      0.00175361      0.00293803      0.00451925      0.00804925      0.01112457      0.00905817      0.00651647      0.00543966      0.00508657      0.00488749      0.00469259      0.00449044      0.00428736      0.00408834      0.00389644      0.00371334      0.00353985      0.00337624      0.00322240      0.00307801      0.00294263      0.00281404      0.00268885      0.00256775      0.00245125      0.00233964      0.00223303      0.00213141      0.00203472      0.00194281      0.00185551      0.00177264      0.00169398      0.00161933      0.00154848      0.00148123      0.00141737      0.00135672      0.00129909      0.00124431      0.00119221      0.00114263      0.00109543
      0.00006222      0.00028533      0.00067634      0.00113314      0.00174299      0.00310445      0.00429054      0.00349357      0.00251328      0.00209798      0.00196180      0.00188502      0.00180985      0.00173188      0.00165355      0.00157680      0.00150279      0.00143217      0.00136526      0.00130215      0.00124282      0.00118713      0.00113492      0.00108532      0.00103704      0.00099033      0.00094540      0.00090236      0.00086124      0.00082205      0.00078475      0.00074931      0.00071564      0.00068367      0.00065334      0.00062455      0.00059722      0.00057128      0.00054666      0.00052326      0.00050104      0.00047991      0.00045981      0.00044069      0.00042249
      0.00002094      0.00009604      0.00022765      0.00038141      0.00058668      0.00104495      0.00144418      0.00117592      0.00084596      0.00070617      0.00066033      0.00063449      0.00060919      0.00058294      0.00055658      0.00053074      0.00050583      0.00048206      0.00045954      0.00043830      0.00041833      0.00039958      0.00038201      0.00036532      0.00034906      0.00033334      0.00031822      0.00030373      0.00028989      0.00027670      0.00026415      0.00025221      0.00024088      0.00023012      0.00021991      0.00021022      0.00020102      0.00019229      0.00018400      0.00017613      0.00016865      0.00016154      0.00015477      0.00014834      0.00014221
      0.00000614      0.00002815      0.00006673      0.00011180      0.00017196      0.00030628      0.00042330      0.00034468      0.00024796      0.00020699      0.00019355      0.00018598      0.00017856      0.00017087      0.00016314      0.00015557      0.00014826      0.00014130      0.00013470      0.00012847      0.00012262      0.00011712      0.00011197      0.00010708      0.00010231      0.00009771      0.00009327      0.00008903      0.00008497      0.00008110      0.00007742      0.00007393      0.00007060      0.00006745      0.00006446      0.00006162      0.00005892      0.00005636      0.00005393      0.00005163      0.00004943      0.00004735      0.00004537      0.00004348      0.00004168
      0.00000152      0.00000698      0.00001655      0.00002772      0.00004264      0.00007595      0.00010497      0.00008547      0.00006149      0.00005133      0.00004800      0.00004612      0.00004428      0.00004237      0.00004046      0.00003858      0.00003677      0.00003504      0.00003340      0.00003186      0.00003041      0.00002904      0.00002777      0.00002655      0.00002537      0.00002423      0.00002313      0.00002208      0.00002107      0.00002011      0.00001920      0.00001833      0.00001751      0.00001673      0.00001598      0.00001528      0.00001461      0.00001398      0.00001337      0.00001280      0.00001226      0.00001174      0.00001125      0.00001078      0.00001034
      0.00000050      0.00000230      0.00000544      0.00000912      0.00001403      0.00002499      0.00003453      0.00002812      0.00002023      0.00001688      0.00001579      0.00001517      0.00001457      0.00001394      0.00001331      0.00001269      0.00001209      0.00001153      0.00001099      0.00001048      0.00001000      0.00000955      0.00000913      0.00000873      0.00000835      0.00000797      0.00000761      0.00000726      0.00000693      0.00000662      0.00000632      0.00000603      0.00000576      0.00000550      0.00000526      0.00000503      0.00000481      0.00000460      0.00000440      0.00000421      0.00000403      0.00000386      0.00000370      0.00000355      0.00000340
