  0.200000003    
  0.192300007    
  0.185200006    
  0.178599998    
  0.172399998    
  0.166700006    
  0.161300004    
  0.156200007    
  0.151500002    
  0.147100002    
  0.142900005    
  0.138899997    
  0.135100007    
  0.131600007    
  0.128199995    
  0.125000000    
  0.122000001    
  0.119000003    
  0.116300002    
  0.113600001    
  0.111100003    
  0.108700000    
  0.106399998    
  0.104199998    
  0.101999998    
  0.100000001    
   9.79999974E-02
   9.61999968E-02
   9.43000019E-02
   9.26000029E-02
   9.08999965E-02
   8.92999992E-02
   8.77000019E-02
   8.61999989E-02
   8.47000033E-02
   8.33000019E-02
   8.20000023E-02
   8.06000009E-02
   7.94000030E-02
   7.81000033E-02
   7.68999979E-02
   7.58000016E-02
   7.46000037E-02
   7.34999999E-02
   7.24999979E-02
   7.14000016E-02
   7.03999996E-02
   6.93999976E-02
   6.84999973E-02
   6.75999969E-02
   6.66999966E-02
   6.58000037E-02
   6.49000034E-02
   6.40999973E-02
   6.32999986E-02
   6.25000000E-02
   6.17000014E-02
   6.10000007E-02
   6.01999983E-02
   5.95000014E-02
   5.88000007E-02
   5.81000000E-02
   5.75000010E-02
   5.68000004E-02
   5.62000014E-02
   5.55999987E-02
   5.49000017E-02
   5.42999990E-02
   5.38000017E-02
   5.31999990E-02
   5.26000001E-02
   5.20999990E-02
   5.15000001E-02
   5.09999990E-02
   5.05000018E-02
   5.00000007E-02
